    _________
    |       |
    |     00000
    |     0   0
    |     00000
    |       |
    |      1|1
    |     1 | 1
    |    1  |  1
    |      1 1
    |     1   1
    |    1     1
   _|________~

    _________
    |       |
    |     00000
    |     0   0
    |     00000
    |       |
    |      1|
    |     1 |
    |    1  |
    |      1 1
    |     1   1
    |    1     1
   _|________~

    _________
    |       |
    |     00000
    |     0   0
    |     00000
    |       |
    |       |
    |       |
    |       |
    |      1 1
    |     1   1
    |    1     1
   _|________~
    _________
    |       |
    |     00000
    |     0   0
    |     00000
    |       |
    |       |
    |       |
    |       |
    |      1
    |     1
    |    1
   _|________~
    _________
    |       |
    |     00000
    |     0   0
    |     00000
    |       |
    |       |
    |       |
    |       |
    |
    |
    |
   _|________~
    _________
    |       |
    |     00000
    |     0   0
    |     00000
    |
    |
    |
    |
    |
    |
    |
   _|________~
    _________
    |       |
    |
    |
    |
    |
    |
    |
    |
    |
    |
    |
   _|________~

